6285
-9380
8296
-35
6300
-5642
-1158
-8242
-4405
-7253
-5519
8182
-4258
-993
-3874
-9901
9717
-3492
9721
-2724
-6438
-4509
-1681
8866
-5991
-4227
-1657
-674
-2585
-6288
-5914
-8513
-499
-4129
5767
-3846
-4966
6906
-7253
-3378
-126
1512
-5838
-7345
6880
-1931
-5460
5503
-3152
-7404
9203
-1388
-6372
-2194
1021
-1990
-2594
-1523
-3531
8736
2696
-342
7867
-6175
9625
6935
-6528
4137
3624
6504
9002
-4921
6283
7275
9993
1402
2860
6320
-7357
-7441
-8769
9894
7740
-7298
5252
8977
7830
-7342
-4368
-5654
2458
-7651
-4697
4015
-4444
7790
1262
4340
1112
4394
6847
-7793
-7007
-1188
-4783
1337
58
3981
6479
1642
8453
2057
8752
538
-9656
-5673
-7213
1643
3866
-7179
7570
-7649
9760
7106
-2766
9120
7436
7944
5617
-7735
9063
154
-6637
2010
97
8965
8291
-6635
-4086
3617
-6127
9515
-8698
-1233
-4810
-4774
1677
6423
-4100
-5398
3753
2878
2846
5711
7994
-2290
7890
9777
-927
-8499
7644
4333
4219
4730
958
4312
2587
-4391
-3442
7898
7735
2389
-979
5468
-8216
-8352
-9240
2714
-9749
-8346
-5085
2904
6040
6772
7903
5139
4193
6132
-2559
-3799
3267
6531
5854
1317
-7235
-8282
-4541
4908
7695
1968
6246
-1503
408
3209
1347
-1824
-3892
4628
-4770
-9037
-862
-6520
2803
5920
7349
5947
4221
-2350
-162
-2015
8701
-289
-7167
2055
5983
3955
6029
-4124
9564
8531
96
7874
8983
-9732
-5852
-583
-2402
-8821
-9833
-373
-5765
-1526
-2727
-689
103
-7967
-7972
8198
-4925
2705
-3356
-2664
-1212
-2029
-6297
4954
-8227
-9566
2031
-2963
-9003
6531
-6905
-6852
-8721
99
-9563
-9283
-3466
1420
-3021
-8012
8492
-7169
-2033
7839
-1609
3295
1970
3716
-3370
-6873
3870
-2434
5125
4479
-4500
-5076
9620
-8707
-8356
-6446
-8461
-7862
-5339
-43
-1865
1661
-6267
-4455
-8238
-4
-7776
-6803
3811
-5169
-6756
-9053
6214
2107
9581
-5955
7859
-8137
4418
-5515
2160
-9696
9095
-1842
-3748
-8047
9698
7839
-5540
1658
4516
6517
-1732
1139
4144
-1723
-6299
2051
3794
-6460
-2123
1808
-8043
4620
-8217
901
-1189
6332
-8715
9663
3648
-4340
6220
3477
-8531
-133
1456
-9950
-5366
1013
249
-1627
1912
-9704
-6708
-7412
-1077
-8815
-4194
8946
-5541
1504
-9730
-3723
-7289
-4100
-5062
2649
9601
-8641
-9300
-7626
7845
6960
-7732
-2770
-8526
-8047
1038
6791
2920
864
7718
7135
-8686
7100
-1313
-8000
6921
-7530
1089
6871
-8295
-491
8036
-7418
-3690
-2536
3738
3023
-5028
8362
9885
-9406
-7039
-9547
969
-8515
5563
-1433
3411
7363
4095
-6815
-3372
6105
2692
3383
-9272
-1635
8984
-4427
-3388
-396
-2174
-2041
-4510
-317
-3158
-7096
5322
4020
-8544
-8916
6382
-7688
-5315
847
9500
-3590
-2938
-4300
7091
68
-6366
8739
1167
-5239
-1379
-1034
-190
1826
-7441
-9043
5407
-2761
5692
-1477
-7025
-4023
-6557
9446
5580
3258
-4621
7213
-8365
543
3517
8934
1567
8766
7538
274
3199
8026
-9107
-2522
-9598
3675
-5436
9852
-8136
9755
-771
-4362
-5050
-336
-5703
-4137
6106
-861
2940
7404
-1893
8228
-8059
2574
-2975
-8548
3544
-9234
-5180
-9956
-3419
2156
-9300
-2801
963
-2778
-8369
2211
-3666
-4388
8884
5304
-9733
6472
-4376
-7864
-7500
9520
-3027
6112
3799
-7979
-4499
-6314
-1
-432
8216
8723
-757
-6401
-8982
-3992
7309
4584
-5391
1696
3977
-8911
-5793
-7231
-4272
-5942
-8070
7867
2444
4342
2508
7435
9807
-5886
-1498
-5136
4658
390
9633
-5809
-5899
8942
4788
8826
7059
4901
-2858
-6361
-6147
-9930
-3563
-7041
-4790
-3079
4722
1719
-4398
2781
6592
-6012
3485
-4585
6655
-5081
7323
-2285
-294
3322
3517
5079
8741
7317
-4999
6214
7716
-5066
4220
-5921
4309
816
-1957
4563
840
1260
5293
-2611
-4172
7426
5702
-40
3244
-3705
-2643
-9360
-672
-2858
3411
-6376
2601
5372
-3642
-3661
6351
-8177
-3702
7412
-9072
-5600
-9282
9031
6338
-8942
-3679
9595
-5836
1498
4702
-8367
-540
-9433
9514
3934
4437
-907
6454
-490
-9636
-9834
2779
3650
4556
-1154
-3569
-8779
-733
1039
-4992
8667
7230
-5667
6243
5469
9723
6752
-3115
9746
-2078
9464
4246
-6760
-7971
4642
5358
2759
-3581
-4157
-3613
4083
-6051
1951
-5184
8531
-2046
8595
-3943
9014
-1747
8040
1025
-457
-4688
9524
6813
-6614
3776
-3823
-4529
1595
2626
8434
-264
3545
-7793
-6709
2175
-589
6809
5208
9275
6755
9119
-8535
2237
-6640
4637
586
-2338
-1600
4956
-5423
4711
8721
3232
-1942
-7783
-2113
-333
-7884
13
2777
-3430
8108
-573
9973
-9993
9210
1291
4525
-9529
-2868
-1571
-6312
9746
-6246
-2146
-848
-2508
7175
5227
-6881
6967
4511
2190
-7692
8347
823
8215
5685
-3685
75
-6462
-7050
264
1014
-9649
2866
9689
-8844
4727
-620
-131
3982
6171
7533
-1340
1202
-4758
9732
1465
-7033
3777
-5116
-7547
-1636
-5480
7450
9900
7243
8368
-9958
9051
-8025
-5166
3354
-1275
1636
-7341
-82
5542
6227
3274
7870
803
8209
8342
4340
987
-3579
-497
-3639
-7740
24
-1106
-3954
4340
536
5410
4584
853
6303
-4688
-6190
1027
9365
5967
-2951
-8938
8250
-8061
6084
5505
7722
5724
849
3743
-8619
-9802
-8546
3505
1984
-1114
-404
-1844
-170
615
6681
2868
-8439
-7217
8090
-3641
3585
-2757
66
1961
-7786
-3899
-4005
514
-4576
7924
-9372
-1419
1376
1755
-793
2381
4779
1113
-8905
9869
-366
1804
3064
476
7415
-3083
-55
3794
3337
2572
-126
4700
2907
-8413
9847
2035
-7878
-8960
1203
-5139
6705
-205
7065
-599
-7940
1399
-9806
9518
1542
5874
-2178
7759
-5286
-1812
7908
7450
5807
1427
-9682
-7221
-2935
6730
-8312
-9380
-6787
-3219
5277
2379
-3276
4352
-5453
-252
8794
6966
-4166
1669
845
3741
7825
-9460
-2593
-2938
6823
-4688
2447
-6327
4747
-2896
2835
-3471
-5614
3161
-8914
6672
1355
4196
3789
-4350
-825
2940
-5216
-7244
-2963
5450
8412
7767
1811
-9783
-4125
-1109
-3928
-6327
2389
-144
9462
3042
6395
-6925
7832
-6218
8699
-8600
4744
-3504
-7969
3199
1018
9146
2288
-7416
9560
-2328
6335
-7996
1718
6806
3932
3559
-8148
5856
-1322
7966
-8240
-6921
-3351
-675
8094
8305
-6159
-5542
-9703
8221
-1646
1983
-3252
-9337
-5679
538
-7984
3079
-2968
-6898
-5123
-5437
-9581
-1899
-547
-731
6319
-3172
-7388
3437
-2876
-9237
5907
-4012
136
-5299
9709
6419
-7297
-8931
-2667
-2725
4049
-8747
-3746
-7443
-7405
2718
5012
7308
-8576
8260
6130
-3326
9415
5203
6138
-5488
1573
-2005
7514
-6235
-7395
4770
1210
-3969
7940
-4366
-1627
324
5818
-2081
446
-3564
3501
1386
-718
4403
5858
-9216
6560
-5769
9058
-7865
593
494
-9072
1187
1243
-8930
-5768
3790
237
-2130
8338
9703
-1224
8086
7681
7545
-3018
5075
-1174
3906
-9185
4900
-9837
-8398
-5406
5161
-9665
9593
-919
-5026
5078
-4454
1323
-2434
9871
106
1174
8825
3934
-9137
563
-7036
6254
8183
8057
-5294
-97
9014
6522
2059
-5999
1544
1707
-2353
2306
-1940
113
-4985
-6416
8118
-3638
9538
-9501
-2730
-5710
1154
-1552
-8794
1899
-7526
4033
-2002
-9909
-5656
744
-7581
15
-4372
-3889
-2203
5776
2462
-5767
3219
8425
2708
5621
467
-2529
4995
-338
-8871
-9754
-5192
-3996
-8446
5820
1785
-9509
-3968
-3046
-5702
1567
632
5010
4540
-8743
6159
-536
9222
1522
8367
9411
-6150
-9398
4939
5041
6113
-2345
-6441
5665
-9682
-1796
-1075
-5629
2686
8711
2080
-2137
2084
-652
-8941
-3004
-7273
-4021
3803
-1367
-7821
6482
3365
3265
926
-3621
2855
-3861
1465
7099
-870
-6768
-8312
7764
1837
5346
3832
5554
1024
132
2741
-507
5421
9634
904
-2238
1360
-5844
5793
9766
6568
-5951
1624
-9217
371
-2432
9367
-5639
-8093
2804
-4476
4996
9561
2747
9184
5239
-904
2907
8837
-2044
416
-6986
-6851
-5038
-5423
-5455
7896
8530
7451
3543
4443
-6875
3945
-5107
-1732
7760
6144
-82
9497
9675
3269
1788
-2082
1547
5952
5706
6952
2825
2450
-5457
-6995
-4433
5459
-9553
-421
-17
8254
695
-1737
1422
5936
7173
-5377
-1427
7193
-8681
655
-4195
539
-2224
967
-779
2498
2607
672
-6592
-8003
1162
5670
-6903
9132
-8794
-8729
7898
-6393
-9769
-7380
3564
5599
6527
-4272
-1801
-8358
5161
3991
-7808
-4171
-6834
4547
-4559
-117
-7862
-971
1763
-600
8575
9427
8344
-2264
-8920
-2733
5288
8066
2174
5830
-5775
6680
-7148
-7763
-4196
-4896
3917
7712
1788
4103
-6306
1629
-9610
6413
6437
-3169
9678
5712
3361
7386
-7941
1096
-5933
-5693
-5582
6426
-1720
1994
34
3331
9934
7671
3064
-3109
-2310
-6966
-3723
4338
3612
-6014
6586
-9834
-5471
1475
4976
-1734
-2979
-8104
626
5347
2332
-7127
8334
-9137
-5418
-2638
-7594
-1381
4443
-2926
7196
5506
5936
-5869
6155
-6019
7698
-6320
2230
-202
-680
5685
-7416
-1308
-6765
1706
2114
-6974
2809
1263
-4332
-4128
-3086
7893
3700
1855
-2516
4251
7117
4473
-5006
4203
-4165
-1383
-2198
-2490
7248
2735
2012
-9316
4408
9185
7426
-1488
-6526
-3458
-7087
9722
3232
2298
-6433
-2077
-883
-6706
658
7926
5279
8267
4774
8133
-2426
5777
4961
639
5989
379
8143
-7081
1687
5636
4180
-5448
9861
-8264
-3072
-7814
-7138
-2176
-3304
-9504
5846
1986
-7989
-9551
-6094
1301
-4024
6996
5799
9327
5746
-9096
2353
4296
-1809
-4089
-5849
2379
9556
-1034
-8805
7533
-3158
-3608
-8030
-9677
-8369
-5008
605
1563
8879
-3108
754
-6764
-9981
-729
2494
-4744
8015
2885
2900
-181
2848
-7430
-9162
9623
-1272
4946
614
7795
2848
-7623
-2833
-889
-5841
-2388
1923
4294
-334
5327
-5488
-8752
-1185
-7243
9641
-6319
-6224
5650
-6621
3432
5984
-4681
6389
-3914
-8755
7766
3847
-3175
-4339
2102
2897
2340
9420
2931
1798
923
-3422
3091
9788
-420
4260
8646
3304
1240
9666
7579
8392
8066
4662
-7779
7752
2196
-1193
672
305
5680
7984
-2822
5890
-4714
8950
-2804
-2949
4843
3627
-202
8225
3501
7150
3547
7894
3497
1470
-6029
-3609
5577
5849
-1478
-5772
-9926
5063
-7908
-3756
-4248
-6618
7518
-3048
114
1294
3834
-3339
-9078
-4894
-5696
-6505
-9906
9475
1396
-2701
6079
3049
-5326
8954
-4059
1166
5054
2200
1780
-4910
-775
-6353
-3850
8779
2307
-2245
309
5902
5093
-1950
7228
3571
6378
1838
-6897
-4835
-5998
7827
-5483
-1375
-7326
-2473
2866
8695
-9487
-3919
-9771
2437
-9162
-3547
-2082
6453
-3797
7545
-1699
-1036
3166
-4960
8153
2581
-1337
-2078
9832
-3342
8736
-5259
4076
4402
3969
-1263
-6840
9692
5322
7349
910
379
-3488
-9753
-2129
4698
9548
-9529
6499
7655
-7336
-7409
-3202
-1818
-5574
-5035
-730
-7717
-4213
-1289
5936
6922
-3561
-9295
-7072
-1115
807
1535
-7511
-5361
493
1696
-4677
-5663
2930
5338
1887
3961
1396
4067
-36
-2155
-5250
278
-7169
861
-4392
-7243
-9240
-9491
3816
-3776
-2276
-1914
5753
6322
-2698
-3970
-4684
-1709
2155
-4009
3483
7726
-6205
9657
-5689
-4310
6374
-5999
3630
3351
-5948
555
-8081
6200
5265
-4813
-6377
3333
-3656
8322
7710
-4272
-8975
4057
2207
-6757
8296
-2770
6240
4158
-9090
-7398
1806
-8884
788
-8076
3042
-2267
-3941
1343
-4018
-6349
-6633
2376
-2644
-5665
7604
-2038
-6469
8375
-5835
8328
8256
5454
-8880
-954
-3977
-1344
-8627
-2651
-361
-9732
-3470
-8500
-8271
-4192
294
-5305
-3720
-6844
3957
-5626
-1467
3079
130
3032
-4270
-7888
9233
1508
1183
1154
-4517
8099
-4683
-6636
2167
-1507
9199
8463
-2136
-3345
-2978
-7620
-1875
-3912
-7787
4230
-1667
7254
-9822
8439
8966
-2026
4376
-6604
9847
6728
3408
-9379
-174
-579
-6216
663
3819
3952
-3223
3945
6473
-4885
4273
4449
8863
8617
3815
3276
3488
-1056
3999
9521
8442
-1400
-8977
1990
538
-7602
954
5852
-8361
-683
-7989
2979
-8698
-4926
-6672
4010
8061
-1367
-3567
-4842
-5097
4397
-2705
-3277
879
-2733
-1433
-3038
-6982
3281
7137
9426
-1071
5295
-7473
9101
9193
-7632
-7572
7794
-5595
5826
-9273
-4817
-1225
5193
9161
-3046
-9966
-8876
1230
-8797
-7290
9611
-3070
4204
9788
633
2694
4229
-8959
-2913
8910
3424
-6889
-2410
6069
-6488
542
-2200
-6744
-4420
7393
-4564
2153
792
703
-2825
4067
7761
-8867
-9523
5458
6373
2550
-8295
-53
-1774
-187
-3196
-5943
-3015
8720
-1374
-915
2135
-2722
-5599
-4800
-1832
-993
1117
-6740
-5094
2222
5241
2266
-9806
5907
8471
5506
-6687
5144
4137
8390
-2567
7448
-211
6273
3421
-133
-6425
-9308
-797
-9031
-9258
-8522
-3233
-7484
-6090
9699
4157
3324
7697
2775
-3831
4118
5537
-5227
-2102
5113
-887
4203
2579
-7754
-7220
-4435
-2686
-7942
-7028
-8892
-5355
-6438
7114
-5671
3886
5035
-4188
1468
-2414
-5070
-678
-3550
-9412
-6835
-3625
6048
-9576
1504
93
-2130
8780
8147
3053
1385
-1734
-402
6767
-3929
-5299
-5555
-1001
5534
9765
1184
-9261
6668
5780
9872
-4971
7974
-1197
9986
1843
-6083
8935
3265
-7455
-4843
1039
-6826
-6214
-9988
1002
1111
-3118
4150
-5793
1918
-6780
-3580
-6750
6232
5193
4804
1829
-7106
7071
4874
-8950
579
4197
-5534
-8106
-8807
4593
-935
568
-605
-3901
-8060
7605
-5761
-1870
-4663
7246
-6018
-3881
-6825
-9907
-2444
5892
9793
-7925
-7220
-9180
5540
-4365
2383
-1882
3833
-67
4184
-5870
7325
-9717
91
3876
-3084
-2431
8330
7156
6353
4960
9797
-3696
-5973
3739
6627
-2579
-2672
5857
-7244
7555
-211
9100
-3345
-7547
-5605
4012
2394
2443
-2345
-3721
-5782
3472
-1861
-9364
769
-4935
9658
-8078
-7545
-7315
-5167
-2137
3368
6968
-4727
7536
8967
1469
-9702
-1589
4887
4743
5172
-7288
-6839
-7020
-3602
9215
-8869
-1712
5484
-5090
9240
8212
8151
2773
1468
8669
-2656
7283
4956
7018
2373
6532
-5907
7003
9421
-941
7003
-928
8779
5795
-1500
-601
-4885
-2686
-2159
4894
4042
-5699
-380
5438
4213
-5746
-7665
-1929
-4691
5494
-6580
-6045
3057
2497
-7948
-5027
-3822
-5803
-3363
-6604
-6184
2011
1517
6535
5765
-726
-7934
9280
7610
1648
7267
1623
1470
4376
9198
4599
-9098
-7067
7140
-1703
-3215
4530
-2531
-6002
-6092
6504
-900
4479
5737
7906
-5831
3057
-3107
1480
3309
4798
8561
9385
4060
1730
6968
-7837
371
-5365
-5910
8939
-9381
-6879
3211
3687
7218
6855
3505
5981
2050
-9201
6868
-1264
-6207
-7532
6860
-1764
5622
-6064
9694
-2757
2573
-7591
-4913
-8420
428
3581
9333
5810
4961
-7672
-1257
1710
6111
6777
6678
-5247
-8926
-6207
7241
7676
1324
1953
9484
-8636
7600
-4313
4207
8525
2374
-9379
6633
6615
3417
8557
-2241
-1802
-2848
2531
-3779
6529
-7355
6408
9281
-6056
-5130
-756
-9318
-812
726
-314
4376
-9055
797
-5280
-8851
-5008
-613
3101
-4012
-7954
3626
-7131
-3849
-1055
-4315
-5072
6881
7492
1753
-6057
-413
936
8502
3868
873
-6250
-9804
7120
4084
-7793
3246
-150
9899
2483
-2784
-1315
6836
-2513
2874
2019
3408
5617
9031
7217
9877
3959
4108
-5407
-1778
-4615
-9865
4618
6960
5174
8093
-9358
6202
-4543
-3888
-5662
-4031
-2907
-4112
234
7332
4257
544
-7134
-4148
-634
8561
1568
-4543
5203
6220
-4262
-510
2578
-6150
8361
4392
3741
6094
-6591
5449
-758
-1963
550
1079
-5920
-2846
8291
-1823
-2759
3771
-3886
-9677
6343
9799
-5064
4369
9506
524
-4786
2924
6447
-3942
9532
6646
-8608
-1864
7593
6635
3068
-4659
7748
3436
-4599
8270
-6307
643
7132
8006
-2016
9695
-1804
22
2883
1450
3763
-8113
-2163
-7985
-72
3789
1937
-3978
1579
7304
5232
-9606
-8100
-6552
1292
7414
-2778
-4675
1320
-3382
4532
7526
5289
-3214
2487
-8467
4196
-7953
9967
1956
-3996
-3412
6493
5662
9104
-1497
2174
3775
3629
-433
6330
-6523
3251
-513
112
-5332
2957
9308
-5068
-8587
-1911
4792
-550
4888
-443
1623
6698
-1038
-7242
-1716
8078
-5482
-5422
8898
8707
-3595
-6355
-3742
6697
-5418
9224
-8247
2475
4345
-7687
3556
-7575
-5716
3389
7835
-1584
-6055
-8301
-3090
-6319
-9010
-4224
-6170
9546
-7311
8499
7328
-7024
-6443
2715
9297
-1032
3435
-2991
9270
1089
4268
-3115
-1828
4296
9316
-8000
9362
-6383
4809
9023
6919
-680
7091
-9415
5442
8961
-33
1560
-7300
-4400
8329
-8966
7420
1522
8739
-3198
-4861
4274
-7762
9669
-2406
-647
6453
5203
8569
8959
-2815
5459
-1670
-8337
-6044
-2939
-6581
-9829
-6173
7786
426
2386
7901
-1397
6119
-7640
7100
-9099
-238
1743
8764
-6653
5632
4159
9116
-6955
9498
-1857
4833
3095
1514
-8495
1537
8819
-7853
4741
-4772
7302
540
7123
-7235
3267
-5442
-5665
7795
8152
-4090
4526
-246
-7053
-122
2126
-1239
-5828
-9626
-8220
2592
1346
-9514
-4008
3136
2959
-8110
-934
2671
1020
-1011
-7069
8042
-8922
2790
-4318
-5400
-26
4046
-5559
-3346
-3281
9734
-5035
3097
-1828
5345
9848
945
4636
1687
9850
7496
8732
-7853
-687
6965
-6359
2395
4432
-2710
-8128
-1006
9251
2755
6408
8508
3844
6776
4220
-47
344
-8063
5384
5507
-3777
7140
-9539
-2750
-9310
-1504
-6977
-9049
-5883
7549
-6898
5097
90
-8189
7009
2123
6648
-6406
4006
-6058
2043
-5766
-7441
6386
-4809
3879
-3656
-6048
7752
-3739
-6586
-3510
-8529
6759
1890
-6206
-5771
3948
-314
-5602
5364
6581
6039
7628
8298
-8954
8540
2123
1926
3488
3733
-6093
-2670
-7252
-525
1677
6970
1895
-1517
6724
-3847
2385
2019
-692
6989
5669
-8338
-773
2202
1984
-4018
5217
6798
780
2989
-6736
1563
5423
2380
1271
-8743
5932
4679
-5454
-3534
3753
8627
-7835
325
-4844
9366
3304
436
-9208
3061
2476
-1105
9432
-670
-1726
-7880
-1291
573
1828
-5753
-3147
-9630
8293
-4392
5102
-7670
9616
-6128
8593
7598
2451
7577
2470
1474
-5360
-6465
4267
5771
-1328
8845
-2821
-6772
4198
1145
8485
-9026
8862
5931
8182
-4036
-1941
-4330
2082
-4229
-5745
8172
-3668
-3949
3943
6590
-8075
-1361
-8745
-9993
-5100
-6832
6312
727
-553
-3325
-4284
-338
-6342
-1609
-1392
-6212
8750
-7928
4220
-3180
-6088
-4621
-1608
-8054
7079
-7937
6055
7092
-1206
9839
-8668
2069
3330
-1630
611
4300
-446
4619
3370
-491
2676
2129
-4162
-6845
3297
4696
-8542
-1917
8593
-9139
9129
5294
4159
3140
6489
2449
-2408
5073
7508
3272
-41
-8509
962
9605
-1496
-8494
-3058
-3701
-66
-4609
6637
-4952
7849
99
806
-1239
-5125
9014
1346
1298
-8921
-197
8965
-2237
-7045
-7146
2037
-5307
5504
-5414
8566
-9934
6753
-6691
2809
-3144
-8189
-9287
5844
-6945
-6234
3731
-3508
-4390
258
-2718
-9419
-6549
1968
-8133
7838
-7002
3786
-1377
-5389
-4580
-9616
4502
4596
-7506
-4797
6255
-2745
6662
-7439
-6299
6642
-1414
-1713
2881
3947
-9306
-8812
-2371
-2498
-1132
6344
5724
5733
-1268
2995
643
1851
4737
951
8149
7384
-9540
-5744
-4287
4096
-6614
-5096
119
751
3273
4223
-3848
5401
4153
-5453
2206
-9527
-2897
-5120
891
6385
8725
-4415
-7073
2618
9618
849
-4790
3627
121
-4996
-1111
-533
-9159
-4235
-7610
-2684
5296
9270
1837
-6920
-7270
-8047
-5749
-3654
-9810
-8624
4293
7232
6705
-3590
1576
8774
-7431
960
-9770
-7076
-2158
-8969
-7650
8380
-9911
3960
-7836
-4372
-1001
1087
4238
2641
-5945
-3963
4061
-4768
8131
9744
-2191
-9962
-4314
28
8304
-6982
-4158
938
-1509
-5748
-9259
-3903
2759
2871
-6840
-2144
5387
555
-4659
-4074
-2267
4100
-9910
3551
-8880
-7553
-1094
5400
-5899
2597
9876
4827
-7571
9799
-8940
6283
-7551
-8208
4428
7115
-8518
-2812
-1695
-9447
788
6682
1624
-908
-8798
4309
9776
944
-8189
7081
-5426
5571
-6925
8127
-8350
-4159
5125
9261
687
-8278
4859
-2531
-4170
-7834
9151
2577
9574
-8783
8864
-8639
1569
3303
8030
-8765
-4194
7946
2317
-817
3918
-3719
-3965
-4683
-6177
9439
-8916
-9559
8546
-1391
-2518
8250
-5745
-7324
7884
-9089
95
-6221
8813
2660
514
9293
-9586
8576
-1303
1861
-1608
-768
3264
2053
-7749
-3925
-8317
-9869
-7000
6587
1195
-6326
-2617
2712
-2236
-5464
-1228
-3981
1733
1584
-611
-1386
7991
8503
-1621
6995
3682
-8031
-9716
370
8903
-2816
-2500
8297
-9701
-1430
-9035
1351
-9284
-4385
-1060
994
9022
-372
4521
3183
5388
-985
-9015
-2124
5853
7964
9033
9405
6173
-4762
-1618
9112
-4189
9294
-7180
5
-9831
-2534
2971
5047
7644
-318
-3064
-6075
7858
-8945
-6363
-5012
-5505
-2698
8460
-1335
9251
-7653
-5344
4192
-9484
6561
-4593
8737
8307
3776
-72
-1722
-5735
1621
-157
-1368
2411
-8568
2993
7977
5487
-1368
-8736
-9958
-1926
-9503
-9028
-8603
1414
-5640
-3113
-3801
7400
2883
7635
-7009
-6893
3388
1271
-5288
-5858
-3095
-5348
-4259
1333
4014
9680
4690
-947
-6202
-2319
9945
411
-7407
8755
-7875
-1461
-8074
687
1545
-8834
-4610
3393
-7077
4333
9966
-1208
5159
-3311
-2981
-2748
-8243
2756
7008
2151
-1246
4970
-9724
-8885
-567
6623
6097
-2833
4029
-5118
-2332
2674
4498
2804
-9198
4191
4271
-5402
5309
305
728
-8696
7796
-9055
5341
2565
-703
2618
8238
7731
-2247
-8438
2183
8702
-5184
9221
-7908
-9373
-1847
5427
8930
-5772
-1758
-8108
-7666
-1644
-5301
5504
-5135
-8919
-7696
-3091
5855
241
-3607
-8317
-8042
7221
9515
-3090
-767
5944
2362
-9169
9763
6128
8485
6
-1321
-7561
3538
-2770
675
6569
5900
-8796
-9685
-7845
1727
-3430
9981
9595
-6428
-1953
1868
-4098
8580
600
-2399
5056
-255
-405
-4732
-5484
5272
490
-1930
2794
-9694
1400
1694
-8170
4887
1468
3192
-2837
58
2301
4536
4564
6559
-5317
-1934
-8138
-845
-4433
9668
-2697
7905
2751
-6703
-2266
-3357
1707
8276
8900
-5303
9021
-4333
-1890
-9350
-3828
-1674
-6344
6334
-8846
6468
-5346
4961
-153
421
6300
-6368
2413
-3970
2187
5312
-82
-8093
4091
-549
2276
6650
5981
-7495
-2629
6549
2210
6185
-501
7514
9416
-2395
3326
-6203
6222
-1312
-2073
-6309
-2466
935
6389
-6088
672
-3412
4135
-4051
-9657
-749
-2420
-9976
-2168
-5742
-7236
5595
-8989
-1717
-5179
8271
-4207
-2653
4430
2142
1896
2267
6765
4551
994
413
6269
6684
3464
8675
-8757
1071
3978
-329
6336
4168
-9322
6380
-9810
-6696
-9572
9712
-2524
-239
-4700
-1382
4493
-3521
-4918
8179
2477
3781
-9011
2763
-2812
4213
-7219
-6862
6567
3096
9189
-7182
-7403
8873
7323
-5035
5258
4105
9799
-5455
-5593
1249
-6609
7582
4206
220
-9024
-9883
3538
-1929
-2947
-4403
-5640
-2859
-2665
7053
-3987
4684
-2350
-361
-7594
-8225
-3859
-5551
-6734
-8421
7285
1179
2932
-5806
-5213
3762
-3362
-5626
-2863
-8844
-8962
-1997
4798
9601
-2504
4308
8351
-9956
-5747
-9081
-7526
7599
-9306
3865
-7915
-1841
-8797
-5002
5769
-6169
-5112
-3051
8536
-6186
-2065
-5962
8361
7369
-6598
-1735
-7932
-2239
-5253
-7740
1968
-972
-9
-6305
-3180
-3061
4287
2414
-4342
-2629
-8094
7056
-3402
8938
2632
3827
8925
-2079
-9280
-1967
-4780
2019
-3938
-4589
-1304
-6539
9356
-7721
-8155
2316
-1496
-1818
-3008
1612
-1089
4851
3126
-7841
-6572
-5447
-574
-2100
-6547
-7286
-3878
8840
-7244
-179
2584
-2869
6827
2630
-5131
-2844
-1365
9899
-2598
-609
-125
-130
-8793
-4338
-9004
-2723
-6857
258
-693
6242
-4479
-2744
9168
1989
5848
-7114
4916
6824
-8001
6556
1818
-9599
9643
9980
-242
-556
-1440
-1336
-2250
-8922
-6694
-8286
1452
8290
-3339
-6698
1046
-9001
2686
7427
7421
8816
9506
2847
-3794
3895
5973
-5924
6422
-7346
2701
5539
-8524
8497
-3846
-6519
9236
413
-8366
5600
8678
9358
1922
-5445
-4497
6832
9865
7707
-1556
-4653
9803
-6717
8380
4143
-2960
-3192
1209
2359
8849
-7516
-8124
7445
-1980
5234
3510
4354
-924
-5008
8708
7244
5669
1039
4759
3762
7499
8463
1606
-7058
-5067
-3675
-2475
-9585
-4355
-975
-7156
-7026
778
1777
-8175
-3191
-4350
9272
5912
8890
-7399
7587
4962
3799
1072
-5809
1309
3337
-3006
7553
-7412
5736
-6511
7922
-4791
1259
1551
-854
-5937
-4958
-2317
-6105
9400
-7704
-1780
3035
3494
-1249
4891
5007
-9987
7262
6697
6343
6248
5469
5552
-6268
-6517
-7548
4353
795
4007
9737
-7324
-5561
-5025
-4549
-9514
6420
-6197
1229
3150
1759
4366
6434
591
7230
1975
-2841
6046
7135
-5829
1881
-3698
1837
-8233
-7441
-8685
-6071
-5826
5808
4787
8327
-2197
-6386
9940
-4180
3577
-3196
1251
-5209
-7961
9553
-9470
8678
-7065
-7621
1596
-2906
4470
8672
-3449
-2354
-9150
-1236
7955
2032
-9220
4119
1919
438
-1724
7141
6023
-9127
-4142
4325
9360
3668
-1606
7189
-9031
-7152
338
9391
2197
-6148
8082
1547
-6410
-4858
2348
-6845
5023
-5109
-1859
-8467
7143
-7922
-4551
2905
-4619
3062
-1325
5103
-6961
-6914
-2118
-9360
-1565
8157
-7023
-2142
7438
6756
7604
8920
3798
7869
-8039
4398
-556
-7140
6408
-8424
2426
9673
-1859
-4951
-700
1359
-2539
9209
-2269
1489
2143
-3099
821
-466
9975
7667
-806
-5199
825
8685
6533
-2861
-3701
1593
-5956
-9564
1660
2110
-2894
-9610
9700
5900
1349
8067
-2401
9485
-1137
-8013
-4648
-9074
-53
-2322
-3602
-4290
7049
-2958
-6914
-6821
-6586
-4878
4879
-8085
2300
1767
1318
-85
1761
9011
-3181
-8232
-1068
-2449
-8608
9003
8761
-9493
4983
-5087
-1754
5425
-1467
2188
6976
-3572
9442
8458
7684
550
7167
-1867
-2384
6250
1977
-3999
1390
311
-4133
-748
4478
2678
-1342
9230
8535
-1272
-8256
5769
731
-8936
-66
-6573
2054
1926
-8909
-4420
3357
3122
-2557
-6951
-3257
-3173
-8367
-9287
-5259
8121
3166
-6313
2345
722
2970
-5447
7726
6392
-5677
-160
-531
-4127
-5398
-5319
8736
3603
176
-3479
9089
-609
-9022
-1485
3067
-2997
-7471
-3555
7317
-9623
-3299
763
1783
9226
227
7831
2038
3017
-570
-9309
-446
578
-3175
1107
-5390
-6728
-6010
-8163
-9717
-8501
-7714
938
-9498
-9709
-5214
7321
-4935
-60
2246
-5488
-5438
7236
-1032
2236
9460
-6914
-5822
-405
1601
-4905
-9301
-6862
5063
-2081
-5553
371
1365
1095
2102
8201
3920
5056
7526
-6751
87
-7313
1105
554
-3004
3732
-5114
-5357
-1028
-8472
6635
2503
-8696
-7645
7230
-2018
-294
5013
2216
-6259
-5488
-1323
2669
1135
8057
3140
631
-5829
-7148
-3835
-4888
7293
-2731
8288
25
-5094
-7937
-3278
-2800
-8529
-9201
-6181
1475
8388
-2017
3280
-3239
8427
-5461
-3112
8638
7252
-356
-872
6889
5563
4364
-1879
-5792
-3134
-1477
-4162
3884
-8615
-1891
-3612
-4652
-7711
757
-3214
-6282
4673
9173
-3298
9034
-6982
-7234
-420
3416
-8987
6881
8679
-1505
3122
6972
-1854
-9529
9955
-978
-2570
9611
3225
-8737
-795
654
633
6395
5025
1225
3643
8869
-7253
-4139
4930
-991
9086
-1309
8608
-9606
-5214
-6956
-5263
-1759
9049
1626
-5627
9699
-2793
-4802
-9367
-8747
-6898
-4061
5126
-9929
1263
-5370
-118
-8293
-5294
7987
-3096
-3413
3808
6690
2537
4561
-6792
2397
2
8982
-8813
-6510
-5838
7259
1502
204
-290
7145
9791
-9833
2960
-8488
8729
-3154
1907
-3054
-4601
-2
-4625
-5353
-6891
-9435
-9963
-3863
2299
8063
8554
-2164
-465
3351
-4719
1056
9795
8174
8545
4906
-1907
5321
187
4474
-5246
9856
7088
2375
8730
1399
8657
-2097
-2328
-9815
-6458
9479
-5609
9974
-3460
-5716
1584
8670
-41
4523
185
3100
7350
-7600
-4248
8058
-4205
1714
3536
-291
9116
2757
-3529
4602
-6654
3934
-8660
3637
-9651
8955
349
3085
-8289
-8190
-7297
182
7680
8334
4178
962
7340
402
7331
2803
1117
8166
7552
6999
8928
-1122
-3179
-8604
2226
2950
1148
-861
-2005
-7277
-1016
-6208
383
-6009
-5254
-6132
3556
-8173
-3875
1290
-1373
9080
-6593
1326
243
2176
7458
9785
9868
-4217
-1284
-5407
-9575
-7225
5780
-7196
-7219
-8621
-6162
-3255
7181
9180
-4191
4575
-7917
5921
3454
8338
-1180
1468
-951
9362
64
7297
935
-2321
1273
-1336
-7075
-4040
-2480
-5089
5946
1077
9792
-7127
974
234
-734
7255
2866
-7744
3809
-5099
-6756
6671
4549
1458
-2722
6520
-1756
2743
8865
-7939
6536
-9029
5437
4502
-7103
-6466
4516
-6179
-7986
4814
2935
6062
-8538
5105
-5501
5103
-5897
-9234
-3161
-2972
-1128
-8610
2582
-1430
6915
871
-8540
-2588
7534
9295
3025
7537
3202
1305
7157
-1314
-6920
8390
8478
755
-9644
1067
-8710
3181
-3512
4672
2537
-9168
-7210
-5082
6655
-1235
5851
-9661
9546
-5714
5697
6886
8322
5374
1754
-6168
1680
-8399
-6637
-1724
-5563
6950
6372
1247
-2791
-5463
4792
-246
-601
-2603
7229
5002
3479
-1285
-5245
-195
4109
-3544
342
-3357
-7437
2743
-9641
-1507
6606
-7405
1068
-2376
-3939
-6585
-7142
-8810
-7937
-6604
8220
4775
5728
-4545
-338
-8562
6144
-9165
7617
1428
268
-6494
-3661
6765
-9529
5483
-9390
-7276
3752
3285
3562
4330
9083
1846
-9891
-2705
3842
-2993
-6884
1331
-6104
8776
8754
-7928
-3373
-1648
9102
2934
3988
2518
3547
2112
7753
-1363
-1599
-6179
-6842
-4091
-5636
599
5384
9932
-3076
3836
-2938
-3225
-5125
-8612
9249
-9794
8967
-6801
-786
2273
-8256
837
-1374
8365
-9445
2056
-7415
4909
-5190
81
896
-2463
-2291
-8525
-5279
1926
2111
-2473
-3954
-8803
9482
2771
-9886
-1897
-9947
2030
-9398
6589
3362
544
6061
6681
-7639
-8647
7710
-3607
6261
3577
3602
-9711
5978
2255
-3872
-677
-1463
5575
6324
9337
7720
7839
7579
4524
899
-4286
8630
-6017
-347
-9196
4362
-108
-3851
5669
-3630
-504
-1928
-6584
7424
-1614
1326
1664
9229
5917
-8843
6251
987
850
-3530
-9897
8931
-7170
-9048
4219
2639
1872
4210
8830
-804
3712
-8736
7114
1793
1545
-1912
-1715
-1693
9875
9946
2725
-8317
-8697
9035
1340
7420
9859
9448
6135
-9715
-2793
9743
536
2752
2133
-5915
8206
-1690
-1591
-2457
-8141
9339
4658
5027
-9135
6549
8685
7857
2593
8510
2811
-1149
-5254
-2665
3550
9498
-4434
-59
3310
6996
-9805
8393
-2906
-7402
-1607
-8301
7192
4810
9747
-8753
-2702
1249
7436
4699
8977
9525
-877
4302
-5100
-2136
-9265
1441
-316
5629
5200
-6250
8361
2573
5271
7305
1845
3232
7432
-4017
-7116
6063
5238
-4653
-8066
5820
2653
-5276
-2624
5541
1388
-1313
1624
-3823
-8564
5050
8242
9684
-815
-5651
8865
7865
-7312
146
798
-9701
5840
-3523
9769
555
3290
-2
1390
640
5892
-1072
2026
600
-5361
-2580
-6388
6823
612
-7835
340
4364
-9866
9937
7407
3192
-6676
7643
1980
7344
7220
-8697
-3769
6821
-3631
-6609
2940
-4548
5007
7138
7615
3164
1899
-5522
3758
9934
-852
-3825
405
5607
-6306
-1763
-1741
-2536
3256
3109
-7744
-5379
-9533
-4881
3051
-77
6124
-1657
3822
-2701
7604
707
6536
5128
-4943
7953
8080
-7250
6476
-9943
-545
-4828
4719
9832
-3207
5508
-649
-8281
4193
-1451
-1049
399
5530
-6115
-1184
-111
5410
4798
3974
-4929
8737
-246
8374
-8574
8515
2541
154
-2326
4832
5539
-7499
1616
6159
3189
-5470
-7514
-8340
3569
6313
9728
-8393
-6958
4915
937
-1491
-2329
7091
2351
-6719
-6836
-3706
4440
-9227
7723
2803
-6710
-3631
7165
4718
8429
-7171
2271
-4549
2255
-4538
2972
-7145
6893
5068
-1606
9985
-4501
-2782
5860
-3963
11
5711
-8816
7300
-194
5332
-1090
-6445
4543
3307
-9286
-7004
8159
-929
4725
109
-7313
8413
-8541
-9618
3330
6286
-2522
3192
1488
-5700
-3612
8815
9547
5903
-5675
-4632
169
-2094
-7159
-2050
5445
-6635
-6130
-1014
761
6861
468
-8764
4843
3985
-6850
110
4264
1048
-6474
-2843
6047
8074
1052
-3308
-8470
-4829
-4420
-5488
-3658
-6099
-5660
-6203
-2583
3895
-6263
-8088
-9518
7446
-4269
-7690
9150
1837
-7089
-1282
-8436
6911
-5975
3333
3226
-157
7798
-6840
-684
-7012
3216
2029
-4835
-454
-3697
-9831
-5583
9528
9106
-2554
-7101
8598
6542
8626
7755
-4832
7121
-8854
-4343
-9088
2387
1568
-3585
-8151
-5675
-2092
6074
71
-5386
2719
2140
1775
-2803
-5297
-16
7837
517
8856
8905
-8761
8245
-2563
1780
-3086
2016
8885
323
1523
-4834
1466
-567
2915
5869
4917
-1781
-5531
8810
-9710
3905
5548
-2556
-3274
-4536
8769
-2156
5838
-9256
5826
8526
-9337
9345
-5245
9473
4858
-5164
8870
-7379
6896
603
9115
-8561
-1784
8443
-4356
1385
5027
-7039
9316
-2666
-1948
-2475
4969
2640
3069
-8587
-8551
8541
9450
5903
9918
6927
-4213
-6388
2789
9845
2533
9917
6534
-8276
6630
8722
7819
6211
2132
7230
-4111
-5177
-3512
21
-3889
5558
-9824
-9947
2887
-3974
7992
-7057
-3779
5081
-688
6902
8820
-129
8078
3924
5530
-9621
-4136
-214
-4149
-9201
-2519
4382
-1507
9162
3181
-5025
-4987
-9309
-5850
2067
7424
-9986
4312
-2886
-8129
-2
-3030
-8940
3184
2964
2341
2417
-2525
-6925
-7177
5483
7244
8265
3651
7525
577
-3396
-7658
-3624
-1076
7874
-7267
-9100
-3982
9433
-3440
9919
-3485
6621
932
1586
6489
8224
-228
-5925
9360
-2026
1093
-4681
-958
7161
-2475
8788
442
9606
3454
9721
1434
3244
3213
-3570
4397
2697
3231
845
-8249
1247
-5970
2448
-2080
-4432
107
-9561
-7551
-1790
-7623
-706
-8667
271
1968
-4202
7957
2459
-146
-7463
-7985
842
-7927
9514
7194
-9318
-734
-8746
-3058
3127
4418
8381
-6448
-6269
-4713
-2218
-7140
6782
-9972
7969
-1997
-5564
-8039
5365
-1166
-2878
9446
-5558
-3373
-8017
4373
3610
-3625
8527
2770
3113
3472
8174
4166
-1236
-5758
-5318
-6367
413
-1371
-279
-3506
4595
-2839
-8291
17
1422
9699
-7009
-8610
6892
613
-2770
3029
3768
-9586
3787
890
489
-2447
6911
-1
-5892
3475
6269
-6225
-6973
-2003
-6826
2797
-1405
9204
-9960
6406
-5098
-8412
6612
520
8629
2253
-1800
-1683
6529
9071
-5367
-6208
-9455
4933
-3315
5381
6337
-6306
6895
-5605
8808
-7454
777
8664
6168
-9073
-4672
-9983
2292
-3805
4520
8578
-4248
-6061
1130
-2176
3425
6856
8609
6500
-3050
7703
-1138
-5325
-9117
1908
2996
1819
257
5759
-7315
-8983
-3099
-7501
-5200
7277
-5394
-5058
-1621
-3465
-2403
-7973
2562
7433
7439
8698
6422
-1935
-4109
2866
7695
-45
-4805
3568
-747
-3093
3132
-7250
-202
-7481
6057
-9493
-9906
9005
-1838
-4691
5651
987
-9199
9289
-4798
-4590
6272
3409
-2170
-8387
848
1228
-8481
5591
-3284
-4589
7491
-9335
-1147
2880
-878
-3976
-6730
-375
-7490
4560
8189
3885
3671
-8150
117
4302
4253
5876
-2153
5755
-8958
-811
-671
1907
6605
-4958
-1421
-2601
4963
9531
3466
429
9475
-21
1976
7490
-309
8494
-5252
8553
-4327
5062
-6366
-4045
-5682
819
-1510
293
7062
-3071
-2330
-2193
3287
-5005
57
-3990
7690
8566
8758
2011
-49
-5883
2956
8664
6729
2536
1883
-7825
-5841
-2328
-2195
-7420
7253
-3913
-2750
-1692
4443
-6123
-4157
1218
353
-8241
7363
-2995
8426
1514
-1921
-5413
2416
2309
9792
-6603
-4045
1424
4076
-2117
-3616
-5288
-5295
-9487
-4606
1974
326
-2378
614
-4760
-9502
-7215
5627
2971
-4099
-5550
-3997
5883
6657
-3096
1378
8031
2088
2322
4584
9219
-9800
6727
-2790
-5215
7439
2782
-7833
-6243
-7074
-2540
394
-8874
-6700
2385
-2563
-6814
-1307
-7059
315
-1943
-3765
-1128
6846
1811
2950
-2249
-2679
9389
4982
-7234
8116
-4218
-9955
-4637
1067
8424
3251
-8024
3375
-2577
-7490
5164
-8455
5500
7603
777
6269
238
-2510
5856
5142
1799
-1890
-1673
-100
-518
2467
-2380
9365
8972
834
1926
8537
7393
9069
-6228
-9784
2914
6051
9444
-7330
-7542
618
-3876
-2467
1533
7614
709
4037
9717
1619
2579
-5338
-9330
-4287
-1070
4632
-6773
9539
-7486
1100
-7407
6363
3241
-1391
-6134
3510
-4224
4315
-6090
-6794
7000
-1465
-9480
8461
2197
8906
2968
1754
8677
-8851
-4192
-2358
-3277
-1492
-8738
4087
1736
-3871
6855
3241
-3642
7952
7076
-6770
5545
1825
-348
6745
7420
6158
-3355
-2962
-550
3595
9576
-5144
9938
8774
7040
-3879
-2293
1718
2250
-147
-7417
-946
6537
2177
2300
6459
-7415
-5171
7932
-449
-1638
7338
6902
-929
5145
-205
1315
-5910
9848
-1359
7996
7076
4494
4892
7494
-9714
-1132
-9846
166
-6182
4563
-1876
9805
2144
-5004
-961
5526
-5561
-3762
-5919
-1976
7793
-292
9757
7119
-6110
-7310
8586
-2225
9905
-5453
6988
2884
1787
-5513
5234
-2600
8262
-1723
-3241
987
7113
-5389
-3041
-4208
-6457
-5068
-3463
-201
3299
1579
3199
8557
-1869
-9701
5193
2721
-6180
5937
-8363
3662
-6748
-1039
-1864
-3948
-6460
7657
6939
2171
-3921
-8670
-4337
-223
-4611
2615
6023
3651
-9773
-3109
5300
-6972
-8767
6515
-8630
-5856
-7069
-9975
-7602
1412
-82
6124
2610
6497
4557
1494
8125
-5642
-3449
6865
-6807
2452
-466
5288
6913
6573
890
-705
-9461
-2224
4848
-1616
-7775
8687
1094
5464
8113
9576
-6091
-6542
-7341
4012
4548
-3773
-1079
-3236
3
-7397
1253
1038
-4936
-8931
-769
-5279
1585
4075
3274
1066
4643
-7428
6752
833
-67
-619
-3033
-5074
-2800
-2865
8527
7134
5242
-9971
7997
-6689
-2030
5495
8002
7968
5253
-5981
-2019
5586
-1125
7476
-3720
6892
1944
-9301
503
-4685
6677
-1642
-1688
-924
-2143
8412
-3886
674
-737
777
-8235
-8350
2557
-1868
-5600
6584
7304
-4378
-4072
4058
-6742
-1562
-6616
-4825
-412
7764
7714
-1976
7276
7957
9250
7520
5924
-7982
-9450
-5111
-4170
-5263
-3387
9843
-5322
6941
-8362
2044
7764
1961
-5782
-5734
5763
4760
2888
3053
-6381
3550
-5669
-5783
1147
927
-8002
4758
-5594
-7355
-3794
848
3236
3062
-8816
6321
-6155
1248
8321
-7191
-4182
-5496
-6140
-5824
9939
-8212
2562
8608
2514
9239
-8610
-668
8622
-2235
3157
298
477
693
-5437
4124
-5364
-5648
-4977
-2002
-8052
-8206
-2863
8274
-6662
1816
9993
-1143
6160
-8175
4043
-1823
2991
-4245
7250
9892
5546
-6832
-8872
58
-3733
-1266
-1064
-3913
-54
3606
-9214
-9127
-2853
-4575
-5927
-8790
-4411
9463
5838
-4638
-9007
-4541
3625
-350
2465
-998
-9391
8494
-534
2443
-5315
5777
-3757
5278
-6392
-5443
3789
-3843
-810
-1588
3390
4639
-3547
-1990
4625
-1871
8666
-6890
-9734
-9717
2892
7506
1073
-6045
6140
7297
1823
-5232
4293
2148
-635
7583
2538
3363
-3481
-5843
1399
5547
-4727
-8283
7536
-249
5936
-290
-7209
-1754
-9257
8167
-7426
1365
-3218
3034
1112
7646
9811
-1252
2624
2424
8233
5917
326
1757
-6011
5341
4477
-4289
6429
559
1128
-595
-6228
3942
-4732
1420
-5354
1304
6914
-1913
658
-2643
4157
-2678
8090
4302
-6062
8750
-5270
8442
9598
1354
-7141
-9032
4206
3678
8838
-3838
3126
-7680
3069
-5166
-5233
-3008
-3575
6671
-1949
-9117
-2242
192
-8973
6667
-7561
-3502
-7139
6899
-6490
9622
8568
-9534
6632
-9925
3620
3456
3494
-5794
3972
6766
-9687
-4067
9049
2845
8662
9690
-725
-5388
8991
8945
-4340
-2193
9124
-755
3974
6117
5009
5170
9853
-1705
2732
-3709
5264
4421
6372
9678
6372
-346
2037
5402
3923
9627
-1315
-208
3785
-3370
2052
4099
1024
-4594
-412
426
9037
-8040
-82
-8260
-8986
-5998
7233
-1457
-3015
2521
5503
3438
4838
-84
-212
6511
-1431
-5837
-7265
-4707
-8328
-1017
-7692
-3164
-8954
-616
9000
-2608
-7815
3331
-9276
9436
-7193
627
-7762
-538
-5798
-550
-6769
6888
-5278
4850
4294
7355
6910
3157
281
-6446
-2642
9254
3018
3448
2121
-5687
-1826
4412
8001
-6039
-6071
7785
9684
-1552
-9044
-6759
-6057
3632
5650
7689
7340
1501
1011
-6188
8128
-7741
7838
-4650
5621
-9857
3025
4222
-5062
9012
-7523
-2406
-1111
-3232
1209
6513
2735
5048
-4087
9406
127
-1859
-9782
-9277
-1089
7037
8010
8826
836
6606
-2195
-2283
6915
-7835
8651
-1193
-2494
-4417
-1422
7117
-2329
9172
-2033
4609
-8606
6116
210
-7349
9261
5887
8005
5000
1496
1837
258
7602
4591
-1693
-8758
8751
5380
-330
-3169
7029
8980
-2897
-3047
7696
-6817
-1597
1986
-200
-5010
-4030
1931
-9031
-7394
5380
-2978
7087
-6954
4742
-3078
8743
-3279
5208
2811
-8623
-7641
5249
2577
4628
7239
7290
-6048
9961
2225
-5519
-2650
-3005
-6794
-1974
7379
-4802
-2418
-8552
2490
8123
3172
6456
694
-4609
-849
-2617
-8305
-8020
-8590
7450
-6529
-6276
8596
1939
6928
-7419
399
-2950
-748
-6422
-8049
-3755
5689
-5915
2512
6732
1017
-7545
-32
-439
7157
-5320
7374
-9316
-5088
4451
-8793
4925
6321
-603
-9066
-6376
-8841
8210
-7845
7274
-4972
-7674
-6705
-3120
-1026
-3570
-7448
-8842
-5529
3280
-6894
-748
8540
-977
-5608
4167
-9532
-8322
-6602
3908
7347
7410
-8220
-129
-2311
-3132
687
-9588
9874
-947
-2280
-5150
7636
7793
1254
6447
-5329
3768
5225
-6673
-7123
-296
-1694
3175
684
-6827
4539
-9078
-5361
-6616
2815
-1568
-2356
4256
-9868
1589
3178
-1004
520
-6162
-8651
-3281
-7809
9084
-6528
-3476
1509
1739
7379
-3698
-244
-847
3523
1621
-9737
8831
-6139
-1330
-2767
6494
-3487
-2463
5984
-5904
3272
-1191
-4763
-5714
6659
4724
-6423
2335
-4656
7351
-8407
8923
-1567
2853
-7426
-623
8228
-3053
5955
-5919
-7988
5084
-3232
8203
2026
7210
1146
558
9061
-9592
-4460
7614
9538
-4567
-4934
-5243
9984
-4235
6177
-8967
8657
2375
1812
8074
-5412
-5273
-2330
4903
4037
-36
-4169
-162
-5234
-7201
9013
-4448
-9780
-2124
-4105
7754
-5086
8599
-3600
-2077
5193
1529
1513
-2467
7587
8168
353
9677
9750
7389
-7029
-8409
-9946
5018
-5567
3010
5740
5266
5581
-3205
4227
4380
8222
2517
6929
-6720
-1465
-257
-5366
-7312
-2865
-4161
-9168
1269
6410
8746
9653
444
-3921
-7913
8109
416
1784
-4030
-5188
-8667
7898
-5415
-9017
3286
3967
-7873
-8168
-4946
-1697
5418
-1880
6599
-2899
631
-8664
2107
-6039
-5572
-6567
4165
1408
8930
-1086
8932
94
7594
5448
1091
-231
3930
-7844
-5630
-3754
-9024
-8429
-5467
8317
7307
-7447
-297
8707
-7720
2175
9766
4242
-3345
4037
261
6594
-1537
1408
1604
1542
-8985
9801
-8746
-7474
-6152
-2122
-8816
7624
19
-9919
3248
-3421
-2901
-6580
-3928
-8959
-7269
-9769
5391
-2501
-9652
1254
-962
-9494
-8267
9961
532
-5432
788
-1927
4112
-3499
4210
5545
786
-3387
-3393
3095
-3109
7554
-6431
3276
-2246
1190
9992
8697
8939
5627
3914
-5719
5499
-5753
-4213
5699
9390
2029
-5579
-7977
-5054
7514
-9702
1533
9114
4512
9442
-9839
5438
4919
-9479
-9114
593
8311
-9313
8216
8135
4757
2963
-1344
9632
1327
3212
-4915
-3570
9169
-7249
-9195
-1142
8249
7791
382
730
-9601
-3202
-1742
-9916
-5918
922
9178
-4100
6745
190
1093
-1123
-2887
-7634
8233
884
316
7695
-5541
-9139
-2192
-986
4678
-2817
7397
2065
-4031
-3248
4556
-1873
6285
373
7549
8929
-360
-9945
1378
-5050
-9779
-397
-1848
-8595
-1111
-6019
-1968
5061
766
-1598
4244
-3893
9975
7096
566
-750
5377
6519
-3262
4604
8448
-888
3536
-1201
4396
7139
8054
5082
97
1417
-803
-6453
4940
-7403
-8913
-6470
-2768
416
-3030
7516
-3902
-6926
1894
-7370
1041
1567
7412
396
-1170
1789
-8974
-5674
380
-1291
-2936
3851
9451
-7308
6788
3704
-6512
-3990
1153
-881
-9378
-8227
3904
49
7312
-6906
375
-3930
-9136
-2953
-9611
4384
9808
4164
-9856
-3235
9776
5717
-2224
1757
7614
1612
-7858
-6066
8765
4795
-4359
5350
-5088
-8630
6428
2108
-7454
-6291
4442
-7922
1645
1415
-6073
829
5971
2171
5062
2734
-3249
-4185
9226
-5027
-7625
-1707
-2589
271
-7404
1601
9416
6963
-9967
-2041
-3950
2776
-5117
-8670
9874
-7040
-1356
9069
6764
7907
3578
8634
-3486
-8984
-4722
6479
-9832
-5094
-1389
7050
4271
9332
-2538
-3377
-8183
2673
-5745
-3849
-2535
-3579
-1521
-7616
6765
-6521
-2753
-6966
-4562
4630
9179
-7297
-9861
4583
-6058
-9596
6944
-3146
34
5329
-2250
-2604
-6504
-1860
8059
-3436
410
-5585
-4355
-1661
7721
7277
980
9489
-332
7634
-9254
4871
6512
4021
9593
-4625
4883
6570
-5439
102
7477
-103
8406
6658
-9266
5833
-4652
8317
-8297
6774
-472
1029
-8292
8143
2310
-4714
1893
-6577
-4449
-8545
593
-3547
-5556
-6606
-8025
-9149
-7183
8053
-541
-5647
9773
-2006
5402
-3538
-5729
3662
-8853
1921
9857
8366
8125
-236
2720
2077
4029
7128
-1259
-459
-2433
-48
7495
8168
673
4541
9631
5341
9275
-2647
-9047
-9161
-7609
7193
-9822
457
-2174
1669
3769
2855
-2979
9985
5020
-9202
6761
5768
-6845
9585
-3603
3464
-4483
-3080
8605
-6159
-8868
8916
-3793
733
-1620
7098
-2570
-489
1604
-2712
-3402
2424
9259
-7210
2281
7566
6687
-9887
4642
-9210
-9561
-189
9255
-1825
3701
328
-281
-9709
-2236
-6515
8331
2114
-3728
-1135
-9377
8608
6013
-3619
-1085
-4605
9564
-3614
-6841
410
5764
-3896
2926
-4972
5491
-3591
7347
-1645
5239
5837
4881
2974
-7758
6789
6273
1437
1469
-3921
-5920
-9589
4171
-6396
-1005
9415
-4325
-3705
1626
-6025
-6429
1969
9678
-6516
444
-5657
-3789
-2128
4279
8592
1105
-4977
4492
4693
2417
9967
8672
4681
-3246
9623
1381
8121
4847
-7382
3994
-1184
-8384
-622
3093
2440
-238
8350
5628
880
8032
3361
132
-8783
-3265
-1919
1948
-3170
-835
3104
-6737
7016
-1323
-2166
9463
4805
8592
-1021
9784
3048
-8304
-6219
3907
-8961
-5193
-1234
9819
-2274
1694
-7735
-6083
4344
-9767
-7780
-3354
-5103
2056
5768
2911
4466
-5683
-9557
-8370
7658
-2796
9263
-5476
-3693
1982
5418
-8891
3725
7743
-8361
9419
5012
9446
-2317
-6449
-6081
-4410
-8914
-2830
5478
2552
-34
-4558
-278
-1068
-1202
-7817
-1826
9208
-3088
-4636
-7713
5739
7809
6080
8064
-1458
-731
3369
-1322
-6699
-9387
-9626
6108
4836
8691
-9833
-4527
-8888
5863
-9506
9998
401
6884
2963
7057
-7663
9467
8540
-1678
-2454
2268
-4510
-7968
79
-59
8726
844
-8124
5297
6415
307
-7051
-404
-7578
-8633
-4559
5682
3627
4975
8012
9133
2410
8069
-8938
2154
4916
-8953
2775
5322
2340
-215
9178
7872
891
-1007
-1734
8771
1255
-8523
-3129
-389
6081
-546
9320
-7415
2217
3007
-1330
-2051
-5209
-1272
2703
5910
-8
511
6110
3426
-9624
-2706
2044
6042
4796
5873
9609
950
2221
-1066
-4932
4212
5482
426
-9700
4453
6570
-9411
-1241
-2707
-1080
-4175
-5742
-1034
-585
4463
-582
-4249
-4626
8835
4009
-2055
-5384
-14
-5183
9208
2964
6447
5323
4572
1159
3368
-8816
6272
-4540
-4365
2574
-2421
3442
-5563
7631
2143
3674
-3069
-7443
-9563
6224
-2259
6351
5423
-9033
-7553
-4829
-1611
-1663
4414
-3559
-5537
7649
8053
7323
3408
-8389
6191
526
4489
-1584
-1199
-399
-5136
-3574
4448
-9644
6288
-1729
-7146
1958
-251
-65
-5128
5919
2752
6397
-4357
5720
8154
-5035
-2364
-4254
6324
-2833
-9590
4352
-1749
7668
-659
282
-5774
3198
3376
5637
6442
174
7037
6655
-1284
2361
530
6375
-3138
-9584
-1602
-8532
-9513
5337
9624
-3806
-7007
6050
1086
3871
9314
-9510
2894
-1625
-3073
4781
-3317
-134
7978
-1439
4147
4132
-3655
9340
-9771
3297
-7122
776
-5924
-9056
-6625
7082
-1579
-4343
563
4510
-6012
7254
-3463
-8032
1992
5042
-7608
9136
-5969
2643
-2060
-7971
-7031
8581
835
-7289
-2815
2496
5291
4366
2289
4604
8676
-4068
-2053
-4528
-2184
-9518
-4101
7468
8017
6084
-7459
-6234
-117
-6618
-9205
929
4722
-9673
1911
-4459
-3762
-2747
3188
9751
-8829
8697
4914
9275
-5162
679
-8223
361
358
2577
968
-1834
1230
-6334
-8104
5847
-7744
7830
7483
-106
9550
6481
6439
-1847
-3721
1624
6558
5250
6881
7450
-436
-1279
-7459
8138
3073
4383
-9431
-2326
233
6782
-6939
-6623
4222
-6011
-377
7762
-5404
-2340
7142
-487
-5052
9515
6065
8089
3993
-9965
-986
-4375
6227
4341
1544
6507
-9600
-1800
1103
1011
-364
3662
2742
981
-1600
6661
4188
3368
-1294
5562
-5792
-2833
6008
-595
8195
-8977
8544
6557
9386
815
-6930
-9122
-5104
3949
33
8135
6117
-2355
3094
-8623
1151
-8788
-5282
1895
-8989
4612
-4959
3283
-7071
922
2541
-8910
-6536
-3665
3397
5989
-7234
3163
2524
4173
-4756
2000
8084
1496
1390
5954
-4794
-2441
-1303
4637
-3581
9773
4779
6106
2892
6572
-6301
-8705
-7825
5600
5360
6438
4143
5171
1136
-9113
2269
3896
-2670
5699
-8919
1201
-1614
-1620
-7854
4280
-3786
5415
4252
-5135
8778
-3020
7857
-2060
-1126
2310
5718
2624
9308
-7070
-6410
-2588
-6316
8521
2168
5853
-3949
3477
-6675
-5141
3093
-4472
-2080
6682
-9083
9647
-7528
3608
-3308
-4677
-3842
-1286
5147
1043
6344
1410
5847
1843
7445
-1579
1272
5840
8223
6013
-4486
-9478
8503
-6983
-6117
-3872
6523
9029
4734
5471
-3681
-6870
-3029
7240
-1180
-4448
994
1192
-6257
-4511
-4753
-3688
-7197
-2828
9301
5846
-3798
5629
-8199
-2873
-1916
-500
-8271
-3466
9953
4502
-2891
-2794
-4768
2098
5723
5316
-1777
-710
-1937
7887
4551
-9282
-4293
-2319
-5848
-4205
-3125
-3717
-4334
-965
6291
-3929
2076
2129
-8907
8261
-3301
4327
-3632
-8821
8374
-9773
-7356
5206
9399
-3869
3530
-942
3643
-2071
-2905
-6167
-1452
-2823
1144
5500
7447
-7250
5567
-5877
-9438
9525
7712
-9400
7477
3463
1297
-3498
9449
-7780
-3908
-9589
-6619
3353
2181
9991
2629
-7909
3494
7237
1549
3348
9235
-387
403
-7762
-3193
751
5849
3134
-8111
8116
887
1998
8574
9326
-2536
3487
711
-7254
8043
-8699
-8098
1754
4236
549
3014
-4283
-3288
5811
9503
3975
-5510
-3830
4879
9797
-4520
-3085
-4098
-5923
-4061
2839
-8477
-2893
-3307
4078
-4012
5459
-4458
-1572
-2445
-9079
641
-7124
2058
2057
-3530
4096
2302
-8804
-6551
-8402
9024
3847
6293
4310
-6487
1895
-2880
-9465
7585
888
-10000
6420
-2100
1261
7055
5360
-8315
5029
-965
8222
-4354
-8551
-8559
-7343
2316
-7944
7067
2381
1329
5223
8041
4463
-9006
8141
-4502
-6784
-655
-4533
-6799
376
-7868
1925
1866
8664
-6259
7692
-1989
5422
5329
7220
5869
-451
-7016
5996
-7099
-5191
-1065
1543
5968
-7571
8769
-8527
-5339
-5802
-3669
4648
-3686
8785
-3987
8736
5136
-4990
8839
9780
6362
4751
-8997
-8288
6383
7350
1063
-6638
-2468
8101
182
-720
9041
-4952
-3501
-6691
6626
-6984
-8766
1291
9159
2798
5528
-8151
-5775
1558
-8975
7054
7373
-9208
2319
2367
6080
4939
5122
-845
5050
9460
1478
7745
86
5847
3734
7213
5463
-9432
2705
-3721
3564
-9449
9938
-4723
-2723
-9802
-9605
983
5544
-7969
-70
3677
-5262
7943
3296
-6272
-3009
6784
4625
-1545
4851
3615
7120
-8927
6570
46
-4557
-3227
-2831
-5928
-4495
9428
-1883
5676
-9382
9797
-2475
-5256
7830
-6316
6221
-4827
-2324
-6881
-5054
-8775
-1682
-4974
-3561
4224
256
4553
-7240
-3412
-6356
-5211
8253
2533
1763
-7576
4428
6846
-1660
4663
-1176
5109
9071
7065
-6239
587
2958
-8278
3659
6128
-1010
-3120
3153
-8635
7723
-5720
3250
2171
6343
4134
-5473
2984
2717
1083
-8347
-1023
-7971
-7184
4769
4496
-4781
3012
6115
3046
-610
-6841
-6793
4809
4287
3928
-9251
-5160
6852
8067
1210
-9685
3008
-4599
-7711
-2578
-55
-1412
-6724
9636
-5517
7368
-1488
9348
1389
8452
5850
64
6752
1935
-7936
4494
-6830
-9990
3521
-7663
952
510
5763
-5987
-6027
4888
4777
-5298
-5185
-3982
-6385
-557
3689
6861
-8438
-1037
7892
-4943
6575
-8850
7120
-7427
-9304
-1534
804
-1440
-2795
-5719
1952
-7044
-7309
5831
4695
-2460
-6249
-2957
9331
-1806
6558
-1028
-857
-350
-7335
8014
-8329
-6471
9656
9368
-4095
-3711
8818
315
-9376
2988
-2755
-894
-2441
-4276
-3618
9419
925
393
3452
7667
8192
3999
8270
862
-5695
5999
-6570
9417
-200
1427
4810
-2784
5786
6858
-8917
-1581
169
-3182
8829
8562
-6270
1663
2887
4776
-5450
3044
-4449
6154
-7600
-2160
7254
-7209
4061
5852
4763
-7444
-9497
-5329
-6156
-5851
5123
4205
-692
-4548
-4509
6715
5284
-824
5440
-1211
-6131
128
-584
4555
1831
-9357
4184
9583
5510
-6214
-3716
3857
8969
-5988
9362
256
-1691
3486
7721
-1837
1194
9249
6722
-1620
-7308
-7698
7243
-4803
2792
4460
8338
5850
-6391
2017
2536
4496
-153
-6589
-8472
-1670
7785
6640
910
7957
6949
-4528
9253
9551
8364
8874
-4427
-9880
-8499
5171
-5741
-7467
-4976
-5680
9823
-790
-3770
-1506
8877
-4349
7387
-2721
7334
-6893
5713
6066
4001
-1807
-2482
-3287
-85
-301
-8236
-4682
-9506
-6620
-7356
-3410
-5408
2132
-9874
773
-2985
8435
-7692
-1157
-9
7871
3907
1413
-8398
-9163
-7763
7631
-1626
3788
-8324
-7142
-6254
-1682
-9443
-668
-586
8554
9319
-4820
4851
-2882
300
-9554
2466
-1501
8003
5645
-5223
8637
7974
-7179
7048
9122
2761
4139
9181
894
6845
-289
-6848
7169
1181
7932
-6556
-8120
2158
-6198
9096
-3739
-6929
2008
6413
-1769
-6363
449
6618
1128
6525
9196
3653
4457
-292
7524
1657
-6271
2548
3051
8747
-3048
-856
-5839
-2495
-9716
4343
-3333
7768
9625
3231
-4148
-5158
2020
-5903
-7396
2328
5332
2428
1619
1255
4480
-5355
-2646
-2911
5599
-6947
7896
-4727
-8545
-7315
-9049
-8083
1370
4751
969
-2994
7399
3221
9732
9025
4729
311
-5430
7218
-9807
-5713
-899
2101
-140
-3743
6462
-7596
-9028
-4463
5060
-292
-8520
9044
3722
-8148
6291
3342
-1418
-2305
-8147
-67
1904
-9098
-2605
4958
8798
-8497
-9920
1230
-8277
1833
334
8079
-4076
-8212
-7898
-6796
-1496
-379
1509
8668
6285
997
6090
2662
-1942
-5442
-8890
-949
8075
4824
3207
9239
-6519
-6275
-1415
-7067
6273
9557
-7118
-8199
3822
4920
3325
8376
-496
-7606
-1846
8736
-7391
-7993
469
-2233
-9860
-6741
-4041
-9671
8863
6215
4098
9452
-2422
-3308
4711
-2950
-5870
-1971
7392
436
1918
3296
2331
-5648
-4796
434
-5317
6924
5837
-3073
4049
-3617
-9344
1835
331
-5878
-8273
4141
-5563
8351
9444
3209
8546
-8517
-3719
-9318
974
-622
2281
1912
-3242
4812
-5732
-964
7978
-2923
5768
5350
3739
-7548
-2659
-2421
-7656
-5252
-3947
-738
-5584
1775
8702
2896
8060
7541
5469
-4767
2730
-7427
5189
-8187
9127
-7811
-5288
-3443
6421
8649
4622
1359
-1787
-6179
-3507
-6251
6298
-1074
6032
-3547
1384
4162
2781
-3033
7811
9852
8567
-396
5101
-2015
-2066
123
-7105
-8240
-2764
4178
-6801
3240
7055
-5053
1705
-98
627
9323
821
3892
7170
5219
-6685
-7571
661
400
-4386
-2012
-4655
-574
8472
846
7203
-8251
2418
-8351
3139
-8098
932
-2076
-9263
-3492
-8493
6691
-1697
-3901
4502
5666
1805
1565
4457
-6561
8261
-6366
1338
-1090
5429
-2448
8194
3099
-8591
-7665
8595
7661
-7089
8449
7534
-7926
4317
2461
5256
4880
-3472
6865
9080
-9856
-5400
6732
-5983
9924
-930
-7736
5841
4433
-1588
-8520
6255
-7724
-3622
6097
8532
6226
-7579
5748
-214
9523
746
4471
-3736
754
7823
-7399
3366
-5777
-3194
9419
5810
-807
8963
-7484
710
2851
8899
-6010
-1218
3790
-9424
-8157
1474
-2372
4831
2505
-6600
-5456
-7699
-5300
-5909
-9501
1082
-4358
-1506
-576
7605
143
-2837
7598
-5694
7206
-1738
3618
3969
5255
-699
-3637
5777
-8453
6811
2736
7420
-1349
-2492
-6081
-361
-2402
9217
-6158
7804
-3685
-1675
3173
7910
4955
9040
5800
3605
5979
-2458
-9564
616
9736
-3436
4626
-2416
-9577
8991
-2838
4604
-1153
-5223
3138
-3594
6650
4848
-5790
7457
-9404
7792
6976
1590
-3945
6900
-7679
-2706
-5785
2756
-9814
-3778
-5860
5841
400
94
-9994
-3997
8561
8241
5544
7657
-8722
6855
1513
-9765
8469
7274
-8376
7102
-6416
-7833
-4072
-1718
-701
-2805
-5948
3755
1181
-2616
-3052
-2820
-8826
6436
3163
-9624
-7663
3387
1739
-8490
-5149
7116
7915
7809
-8218
-1158
-9353
287
3961
-7615
8442
1684
2058
-9893
-7345
4397
2729
-4592
1807
1736
-4155
36
-2522
-4302
6134
8458
-3045
-534
-328
-9869
-9141
-7192
8938
2601
9539
-7946
1790
478
-6829
5905
-7863
-116
-1626
-3951
5971
-4816
8139
3302
9575
7516
1122
-4912
9916
1708
-1107
2876
-4901
-6839
-5810
-8071
-6493
5809
-6753
-1171
5187
-3735
-9437
7335
2664
1555
9553
6806
-8856
9470
-2282
8774
-5834
9576
-1773
-6965
-4559
-3560
-4303
7646
-4153
5918
80
2199
5585
5371
8990
3165
9331
-3595
8285
-5108
-4492
9506
8949
6741
5534
550
4302
7486
-2182
1965
1945
-8150
-6963
-7736
7432
-7851
-681
7211
247
-7947
9949
2435
124
9029
2470
8145
8323
-2106
1072
-1046
-223
3865
8398
-1236
4132
2941
1405
-8026
-2838
2515
-5984
1053
6858
-3536
-5007
9650
8117
5805
9152
1858
-7998
9912
-5487
7970
-4320
8933
-6360
-4986
-5439
-1804
-2456
-7869
3225
994
8791
5387
-1477
6223
-1533
6452
376
-9892
-768
-5073
-8432
3410
-7323
7890
-9294
-5588
-2083
-9559
-1212
8542
-2869
1494
1379
2925
2598
3141
-6434
-260
-6617
-5349
-7558
6230
7490
5741
7663
8614
-2728
1532
-2204
-6828
-7581
7207
2355
4719
-2582
8664
-8941
5647
7376
-4130
5886
3644
5894
3746
-6170
-7886
-1369
2520
-8107
-8673
-8334
-9624
-9465
-5330
-9647
-1240
-3839
5398
-8462
-62
-6324
4010
8858
-5005
424
8307
2127
5531
-7057
-923
1933
3785
3891
9896
-8115
6357
-1256
-5089
3310
-5301
4701
-6871
-1528
3110
3564
100
-3378
6963
2505
-9606
2853
5228
-4126
-8683
1417
5714
-7655
6800
-1827
1604
2292
-7230
-8902
-1270
-3647
-5496
-3718
-9046
-9402
2127
-2513
9586
3400
-6984
2559
2519
9984
9724
-1746
3779
-8309
8031
6220
7281
-6734
4279
8888
7868
-3299
-5617
3341
-3092
-4936
8599
9944
-7098
-9837
-8688
6246
-134
-3572
-3608
-1607
3976
-7635
8153
-5009
1373
9694
4214
-9277
-2950
-6518
4641
8587
2122
340
6069
9104
-4154
8041
-2048
794
-4105
2683
-2264
2385
2198
-1585
2111
-6416
-944
-2131
-7218
1624
1373
6869
-3653
3809
5513
-4193
-7681
1570
-9003
-6034
6166
2207
-7009
8897
9031
-2113
947
799
-7506
2496
6680
-4449
7318
-1641
8287
-3524
-7932
-3944
-5994
2360
9356
-8018
-2439
-493
5463
3345
1791
3328
4971
3360
9189
8079
-9623
-4273
9291
-9655
6543
7238
-5954
-4166
2873
792
8858
-178
9677
7077
-5627
-6326
9346
3792
-6588
-697
-5986
-3369
6990
-4378
2858
3621
1539
-9667
-6507
-2188
9417
1234
4486
-1254
-8994
7914
-8072
2269
6134
-7484
-7050
-7920
7582
-5804
-2110
-8562
8262
-5695
6170
-9356
-9944
-4055
-7718
-6154
2514
-4811
481
-5864
-5794
4493
3290
4587
6274
-1906
-6904
-8705
-2709
8173
-2798
8608
-7190
8465
7739
-267
9757
8305
1766
7721
-5716
5319
-6283
-8743
-5914
3477
-5275
5212
-3955
-1881
1797
5333
-8090
-4826
2976
-439
3568
-4196
4157
1020
-3056
9289
-9537
-2779
5033
-5837
-5728
7497
-7388
5086
-6274
7817
-5229
6968
5821
4693
-9465
3768
3870
2770
-505
-3624
-3164
-5699
1592
9439
-2343
4500
-9084
-6333
-2050
5355
394
-7581
1943
4371
3665
5254
-3850
9096
7281
-1997
7674
5976
-6821
-8493
7154
1856
5330
-3479
-3333
4221
-3255
-1354
2448
-9110
1014
-7612
-33
1508
6665
8658
8703
-4321
-251
5059
-679
5909
4519
2253
-9137
3345
8018
-753
-3696
8867
235
-7928
844
-6686
-5418
5992
-6219
-5651
9965
5806
2295
-3281
2838
-5218
-5378
327
-7021
7784
-9778
3651
2575
-8921
57
-2889
3470
6906
768
213
8392
1946
3727
-4144
-5820
3651
2678
-3587
6073
9834
7510
-9330
-3062
8216
-2457
1962
-4829
6798
8682
-4966
-98
-3941
-9334
1619
6237
7263
4759
9472
8424
6024
-1138
5303
4399
9170
852
929
6347
4455
3271
3722
3771
4974
2025
6501
6091
8044
8105
-9664
8307
-7275
2725
-2602
-892
5282
-2147
2246
-4969
-5817
7434
2216
-8338
5524
1030
2641
5112
6056
-915
5015
8769
5792
-9532
-2013
-7692
-119
4685
-9604
1200
2723
123
215
-6663
8200
1174
718
6152
3309
6148
-7240
9761
5272
9690
5892
4655
-6082
6365
6123
-4364
-8548
537
-760
2174
-5627
6799
-7458
-5184
3181
-209
5693
-8360
-8778
1579
-5786
-5443
4170
-5858
7802
6997
-1829
5775
1052
7966
-5265
-9949
6799
2660
-5821
-6665
3467
2428
-3121
5094
-40
4627
-339
4312
-147
-3163
6297
-1800
4908
-4484
9583
9287
2137
4513
-7011
-3200
9072
2559
-9795
3463
4941
-7207
-4527
-4958
-7691
-1668
9967
-5294
1884
6652
7329
6066
2824
-6259
7959
5857
4124
2443
-3214
-8927
5840
2015
2452
5055
-3721
-3086
-8949
9788
1164
-8320
-4982
-5501
-7731
-915
1175
4080
3730
1212
2632
2928
-4327
-8130
-5999
-3204
903
5263
-9549
-5489
-5089
9060
-9930
7822
-8631
1851
-9508
-1340
-9426
8630
417
4448
6229
8298
-4062
2335
-5099
7219
-288
-6510
9978
-1349
-580
-3686
6497
-1077
9458
-7989
9440
7444
5206
124
-658
-2956
3188
-3419
9068
4961
4527
386
1506
2569
-523
5912
-5042
5006
-8115
425
5156
9587
-6438
6824
-4836
22
4352
7139
4354
-9915
1092
-1885
-8139
-2951
-1732
781
-2827
1901
6860
-5058
-4379
-3329
9093
4511
-4505
2533
-2421
-918
-8709
9376
1251
5785
-5017
-9465
5561
-2933
-7400
3142
-8006
-6031
-9808
8054
611
-8001
-3034
6852
2195
3941
-7796
8996
8936
-4998
-2080
9343
9323
3612
2615
-7662
6622
-4177
-9585
7389
5482
-2080
-8747
-7626
9011
-7266
-903
3260
-7023
-4530
7908
1295
1670
4345
-4865
6597
9251
-7054
36
9773
-6198
3137
315
-7173
-3471
7409
-979
-8888
4178
3140
6513
6322
-9733
-6208
6650
-5849
-8169
-8384
6022
-6502
-6533
9474
8452
-2856
3918
3121
-6935
1584
393
-788
8979
776
5804
888
-1937
-6514
-372
-3738
4090
1318
5701
2652
-4069
-2956
-3800
-3717
-8005
2041
580
6856
-6230
9291
-7434
-1751
974
-1532
6639
-9123
-5814